0000   ff ff ff ff ff ff 8c 85 90 26 21 c5 08 00 45 00
0010   01 48 47 1f 00 00 ff 11 73 86 00 00 00 00 ff ff
0020   ff ff 00 44 00 43 01 34 7b 60 01 01 06 00 f3 75
0030   00 d2 00 00 00 00 00 00 00 00 00 00 00 00 00 00
0040   00 00 00 00 00 00 8c 85 90 26 21 c5 00 00 00 00
0050   00 00 00 00 00 00 00 00 00 00 00 00 00 00 00 00
0060   00 00 00 00 00 00 00 00 00 00 00 00 00 00 00 00
0070   00 00 00 00 00 00 00 00 00 00 00 00 00 00 00 00
0080   00 00 00 00 00 00 00 00 00 00 00 00 00 00 00 00
0090   00 00 00 00 00 00 00 00 00 00 00 00 00 00 00 00
00a0   00 00 00 00 00 00 00 00 00 00 00 00 00 00 00 00
00b0   00 00 00 00 00 00 00 00 00 00 00 00 00 00 00 00
00c0   00 00 00 00 00 00 00 00 00 00 00 00 00 00 00 00
00d0   00 00 00 00 00 00 00 00 00 00 00 00 00 00 00 00
00e0   00 00 00 00 00 00 00 00 00 00 00 00 00 00 00 00
00f0   00 00 00 00 00 00 00 00 00 00 00 00 00 00 00 00
0100   00 00 00 00 00 00 00 00 00 00 00 00 00 00 00 00
0110   00 00 00 00 00 00 63 82 53 63 35 01 03 37 0a 01
0120   79 03 06 0f 77 fc 5f 2c 2e 39 02 05 dc 3d 07 01
0130   8c 85 90 26 21 c5 32 04 0a 40 17 9d 33 04 00 76
0140   a7 00 0c 0c 77 61 6e 67 7a 68 65 64 65 4d 42 50
0150   ff 00 00 00 00 00

0000   ff ff ff ff ff ff 8c 85 90 26 21 c5 08 00 45 00
0010   01 48 47 20 00 00 ff 11 73 85 00 00 00 00 ff ff
0020   ff ff 00 44 00 43 01 34 7b 5f 01 01 06 00 f3 75
0030   00 d3 00 00 00 00 00 00 00 00 00 00 00 00 00 00
0040   00 00 00 00 00 00 8c 85 90 26 21 c5 00 00 00 00
0050   00 00 00 00 00 00 00 00 00 00 00 00 00 00 00 00
0060   00 00 00 00 00 00 00 00 00 00 00 00 00 00 00 00
0070   00 00 00 00 00 00 00 00 00 00 00 00 00 00 00 00
0080   00 00 00 00 00 00 00 00 00 00 00 00 00 00 00 00
0090   00 00 00 00 00 00 00 00 00 00 00 00 00 00 00 00
00a0   00 00 00 00 00 00 00 00 00 00 00 00 00 00 00 00
00b0   00 00 00 00 00 00 00 00 00 00 00 00 00 00 00 00
00c0   00 00 00 00 00 00 00 00 00 00 00 00 00 00 00 00
00d0   00 00 00 00 00 00 00 00 00 00 00 00 00 00 00 00
00e0   00 00 00 00 00 00 00 00 00 00 00 00 00 00 00 00
00f0   00 00 00 00 00 00 00 00 00 00 00 00 00 00 00 00
0100   00 00 00 00 00 00 00 00 00 00 00 00 00 00 00 00
0110   00 00 00 00 00 00 63 82 53 63 35 01 03 37 0a 01
0120   79 03 06 0f 77 fc 5f 2c 2e 39 02 05 dc 3d 07 01
0130   8c 85 90 26 21 c5 32 04 0a 40 17 9d 33 04 00 76
0140   a7 00 0c 0c 77 61 6e 67 7a 68 65 64 65 4d 42 50
0150   ff 00 00 00 00 00

0000   8c 85 90 26 21 c5 00 09 0f 09 00 02 08 00 45 10
0010   01 67 00 00 00 00 10 11 3d 5c 0a 40 3f fe 0a 40
0020   17 9d 00 43 00 44 01 53 1c c7 02 01 06 00 f3 75
0030   00 d3 00 00 00 00 00 00 00 00 0a 40 17 9d 00 00
0040   00 00 00 00 00 00 8c 85 90 26 21 c5 00 00 00 00
0050   00 00 00 00 00 00 00 00 00 00 00 00 00 00 00 00
0060   00 00 00 00 00 00 00 00 00 00 00 00 00 00 00 00
0070   00 00 00 00 00 00 00 00 00 00 00 00 00 00 00 00
0080   00 00 00 00 00 00 00 00 00 00 00 00 00 00 00 00
0090   00 00 00 00 00 00 00 00 00 00 00 00 00 00 00 00
00a0   00 00 00 00 00 00 00 00 00 00 00 00 00 00 00 00
00b0   00 00 00 00 00 00 00 00 00 00 00 00 00 00 00 00
00c0   00 00 00 00 00 00 00 00 00 00 00 00 00 00 00 00
00d0   00 00 00 00 00 00 00 00 00 00 00 00 00 00 00 00
00e0   00 00 00 00 00 00 00 00 00 00 00 00 00 00 00 00
00f0   00 00 00 00 00 00 00 00 00 00 00 00 00 00 00 00
0100   00 00 00 00 00 00 00 00 00 00 00 00 00 00 00 00
0110   00 00 00 00 00 00 63 82 53 63 35 01 05 36 04 0a
0120   40 3f fe 33 04 00 00 a8 c0 01 04 ff ff c0 00 03
0130   04 0a 40 3f fe 06 08 86 9d 00 81 86 9d c0 01 3a
0140   04 00 00 54 60 3b 04 00 00 93 a8 02 04 00 00 0e
0150   10 e0 21 46 47 54 33 4b 44 33 5a 31 36 38 30 30
0160   30 37 34 46 47 54 33 4b 44 33 5a 31 36 38 30 30
0170   30 37 38 00 ff

0000   00 09 0f 09 00 02 8c 85 90 26 21 c5 08 00 45 00
0010   00 54 83 48 00 00 ff 11 8f 55 0a 40 17 9d 86 9d
0020   00 81 c5 ed 00 35 00 40 41 8c 49 0e 01 00 00 01
0030   00 00 00 00 00 00 02 64 62 07 5f 64 6e 73 2d 73
0040   64 04 5f 75 64 70 01 30 01 30 02 36 34 02 31 30
0050   07 69 6e 2d 61 64 64 72 04 61 72 70 61 00 00 0c
0060   00 01

0000   8c 85 90 26 21 c5 00 09 0f 09 00 02 08 00 45 00
0010   00 a1 81 10 00 00 3e 11 52 41 86 9d 00 81 0a 40
0020   17 9d 00 35 c5 ed 00 8d eb 8a 49 0e 81 83 00 01
0030   00 00 00 01 00 00 02 64 62 07 5f 64 6e 73 2d 73
0040   64 04 5f 75 64 70 01 30 01 30 02 36 34 02 31 30
0050   07 69 6e 2d 61 64 64 72 04 61 72 70 61 00 00 0c
0060   00 01 c0 23 00 06 00 01 00 00 01 28 00 41 08 70
0070   72 69 73 6f 6e 65 72 04 69 61 6e 61 03 6f 72 67
0080   00 0a 68 6f 73 74 6d 61 73 74 65 72 0c 72 6f 6f
0090   74 2d 73 65 72 76 65 72 73 c0 52 77 54 b7 e0 00
00a0   00 07 08 00 00 03 84 00 09 3a 80 00 09 3a 80

0000   00 09 0f 09 00 02 8c 85 90 26 21 c5 08 00 45 00
0010   00 53 f5 e2 00 00 ff 11 1c bc 0a 40 17 9d 86 9d
0020   00 81 d2 af 00 35 00 3f 52 41 de 4b 01 00 00 01
0030   00 00 00 00 00 00 01 62 07 5f 64 6e 73 2d 73 64
0040   04 5f 75 64 70 01 30 01 30 02 36 34 02 31 30 07
0050   69 6e 2d 61 64 64 72 04 61 72 70 61 00 00 0c 00
0060   01

0000   8c 85 90 26 21 c5 00 09 0f 09 00 02 08 00 45 00
0010   00 a0 3b 6e 00 00 3e 11 97 e4 86 9d 00 81 0a 40
0020   17 9d 00 35 d2 af 00 8c bb 4f de 4b 81 83 00 01
0030   00 00 00 01 00 00 01 62 07 5f 64 6e 73 2d 73 64
0040   04 5f 75 64 70 01 30 01 30 02 36 34 02 31 30 07
0050   69 6e 2d 61 64 64 72 04 61 72 70 61 00 00 0c 00
0060   01 c0 22 00 06 00 01 00 00 00 5c 00 41 08 70 72
0070   69 73 6f 6e 65 72 04 69 61 6e 61 03 6f 72 67 00
0080   0a 68 6f 73 74 6d 61 73 74 65 72 0c 72 6f 6f 74
0090   2d 73 65 72 76 65 72 73 c0 51 77 54 b7 e0 00 00
00a0   07 08 00 00 03 84 00 09 3a 80 00 09 3a 80
