0000   ff ff ff ff ff ff 8c 85 90 26 21 c5 08 00 45 00
0010   01 48 48 f1 00 00 ff 11 71 b4 00 00 00 00 ff ff
0020   ff ff 00 44 00 43 01 34 57 32 01 01 06 00 85 78
0030   e8 de 00 00 00 00 00 00 00 00 00 00 00 00 00 00
0040   00 00 00 00 00 00 8c 85 90 26 21 c5 00 00 00 00
0050   00 00 00 00 00 00 00 00 00 00 00 00 00 00 00 00
0060   00 00 00 00 00 00 00 00 00 00 00 00 00 00 00 00
0070   00 00 00 00 00 00 00 00 00 00 00 00 00 00 00 00
0080   00 00 00 00 00 00 00 00 00 00 00 00 00 00 00 00
0090   00 00 00 00 00 00 00 00 00 00 00 00 00 00 00 00
00a0   00 00 00 00 00 00 00 00 00 00 00 00 00 00 00 00
00b0   00 00 00 00 00 00 00 00 00 00 00 00 00 00 00 00
00c0   00 00 00 00 00 00 00 00 00 00 00 00 00 00 00 00
00d0   00 00 00 00 00 00 00 00 00 00 00 00 00 00 00 00
00e0   00 00 00 00 00 00 00 00 00 00 00 00 00 00 00 00
00f0   00 00 00 00 00 00 00 00 00 00 00 00 00 00 00 00
0100   00 00 00 00 00 00 00 00 00 00 00 00 00 00 00 00
0110   00 00 00 00 00 00 63 82 53 63 35 01 01 37 0a 01
0120   79 03 06 0f 77 fc 5f 2c 2e 39 02 05 dc 3d 07 01
0130   8c 85 90 26 21 c5 33 04 00 76 a7 00 0c 0c 77 61
0140   6e 67 7a 68 65 64 65 4d 42 50 ff 00 00 00 00 00
0150   00 00 00 00 00 00

0000   8c 85 90 26 21 c5 00 09 0f 09 00 02 08 00 45 10
0010   01 67 00 00 00 00 10 11 47 80 0a 40 3f fe 0a 40
0020   0d 79 00 43 00 44 01 53 ba 00 02 01 06 00 85 78
0030   e8 de 00 00 00 00 00 00 00 00 0a 40 0d 79 00 00
0040   00 00 00 00 00 00 8c 85 90 26 21 c5 00 00 00 00
0050   00 00 00 00 00 00 00 00 00 00 00 00 00 00 00 00
0060   00 00 00 00 00 00 00 00 00 00 00 00 00 00 00 00
0070   00 00 00 00 00 00 00 00 00 00 00 00 00 00 00 00
0080   00 00 00 00 00 00 00 00 00 00 00 00 00 00 00 00
0090   00 00 00 00 00 00 00 00 00 00 00 00 00 00 00 00
00a0   00 00 00 00 00 00 00 00 00 00 00 00 00 00 00 00
00b0   00 00 00 00 00 00 00 00 00 00 00 00 00 00 00 00
00c0   00 00 00 00 00 00 00 00 00 00 00 00 00 00 00 00
00d0   00 00 00 00 00 00 00 00 00 00 00 00 00 00 00 00
00e0   00 00 00 00 00 00 00 00 00 00 00 00 00 00 00 00
00f0   00 00 00 00 00 00 00 00 00 00 00 00 00 00 00 00
0100   00 00 00 00 00 00 00 00 00 00 00 00 00 00 00 00
0110   00 00 00 00 00 00 63 82 53 63 35 01 02 36 04 0a
0120   40 3f fe 33 04 00 00 a8 c0 01 04 ff ff c0 00 03
0130   04 0a 40 3f fe 06 08 86 9d 00 81 86 9d c0 01 3a
0140   04 00 00 54 60 3b 04 00 00 93 a8 02 04 00 00 0e
0150   10 e0 21 46 47 54 33 4b 44 33 5a 31 36 38 30 30
0160   30 37 34 46 47 54 33 4b 44 33 5a 31 36 38 30 30
0170   30 37 38 00 ff

0000   ff ff ff ff ff ff 8c 85 90 26 21 c5 08 00 45 00
0010   01 48 48 f2 00 00 ff 11 71 b3 00 00 00 00 ff ff
0020   ff ff 00 44 00 43 01 34 65 aa 01 01 06 00 85 78
0030   e8 de 00 03 00 00 00 00 00 00 00 00 00 00 00 00
0040   00 00 00 00 00 00 8c 85 90 26 21 c5 00 00 00 00
0050   00 00 00 00 00 00 00 00 00 00 00 00 00 00 00 00
0060   00 00 00 00 00 00 00 00 00 00 00 00 00 00 00 00
0070   00 00 00 00 00 00 00 00 00 00 00 00 00 00 00 00
0080   00 00 00 00 00 00 00 00 00 00 00 00 00 00 00 00
0090   00 00 00 00 00 00 00 00 00 00 00 00 00 00 00 00
00a0   00 00 00 00 00 00 00 00 00 00 00 00 00 00 00 00
00b0   00 00 00 00 00 00 00 00 00 00 00 00 00 00 00 00
00c0   00 00 00 00 00 00 00 00 00 00 00 00 00 00 00 00
00d0   00 00 00 00 00 00 00 00 00 00 00 00 00 00 00 00
00e0   00 00 00 00 00 00 00 00 00 00 00 00 00 00 00 00
00f0   00 00 00 00 00 00 00 00 00 00 00 00 00 00 00 00
0100   00 00 00 00 00 00 00 00 00 00 00 00 00 00 00 00
0110   00 00 00 00 00 00 63 82 53 63 35 01 03 37 0a 01
0120   79 03 06 0f 77 fc 5f 2c 2e 39 02 05 dc 3d 07 01
0130   8c 85 90 26 21 c5 32 04 0a 40 0d 79 36 04 0a 40
0140   3f fe 0c 0c 77 61 6e 67 7a 68 65 64 65 4d 42 50
0150   ff 00 00 00 00 00

0000   8c 85 90 26 21 c5 00 09 0f 09 00 02 08 00 45 10
0010   01 67 00 00 00 00 10 11 47 80 0a 40 3f fe 0a 40
0020   0d 79 00 43 00 44 01 53 b6 fd 02 01 06 00 85 78
0030   e8 de 00 03 00 00 00 00 00 00 0a 40 0d 79 00 00
0040   00 00 00 00 00 00 8c 85 90 26 21 c5 00 00 00 00
0050   00 00 00 00 00 00 00 00 00 00 00 00 00 00 00 00
0060   00 00 00 00 00 00 00 00 00 00 00 00 00 00 00 00
0070   00 00 00 00 00 00 00 00 00 00 00 00 00 00 00 00
0080   00 00 00 00 00 00 00 00 00 00 00 00 00 00 00 00
0090   00 00 00 00 00 00 00 00 00 00 00 00 00 00 00 00
00a0   00 00 00 00 00 00 00 00 00 00 00 00 00 00 00 00
00b0   00 00 00 00 00 00 00 00 00 00 00 00 00 00 00 00
00c0   00 00 00 00 00 00 00 00 00 00 00 00 00 00 00 00
00d0   00 00 00 00 00 00 00 00 00 00 00 00 00 00 00 00
00e0   00 00 00 00 00 00 00 00 00 00 00 00 00 00 00 00
00f0   00 00 00 00 00 00 00 00 00 00 00 00 00 00 00 00
0100   00 00 00 00 00 00 00 00 00 00 00 00 00 00 00 00
0110   00 00 00 00 00 00 63 82 53 63 35 01 05 36 04 0a
0120   40 3f fe 33 04 00 00 a8 c0 01 04 ff ff c0 00 03
0130   04 0a 40 3f fe 06 08 86 9d 00 81 86 9d c0 01 3a
0140   04 00 00 54 60 3b 04 00 00 93 a8 02 04 00 00 0e
0150   10 e0 21 46 47 54 33 4b 44 33 5a 31 36 38 30 30
0160   30 37 34 46 47 54 33 4b 44 33 5a 31 36 38 30 30
0170   30 37 38 00 ff

0000   00 09 0f 09 00 02 8c 85 90 26 21 c5 08 00 45 00
0010   01 48 41 92 00 00 40 11 db bf 0a 40 07 d6 0a 40
0020   3f fe 00 44 00 43 01 34 9b c9 01 01 06 00 f3 75
0030   02 0a 00 00 00 00 0a 40 07 d6 00 00 00 00 00 00
0040   00 00 00 00 00 00 8c 85 90 26 21 c5 00 00 00 00
0050   00 00 00 00 00 00 00 00 00 00 00 00 00 00 00 00
0060   00 00 00 00 00 00 00 00 00 00 00 00 00 00 00 00
0070   00 00 00 00 00 00 00 00 00 00 00 00 00 00 00 00
0080   00 00 00 00 00 00 00 00 00 00 00 00 00 00 00 00
0090   00 00 00 00 00 00 00 00 00 00 00 00 00 00 00 00
00a0   00 00 00 00 00 00 00 00 00 00 00 00 00 00 00 00
00b0   00 00 00 00 00 00 00 00 00 00 00 00 00 00 00 00
00c0   00 00 00 00 00 00 00 00 00 00 00 00 00 00 00 00
00d0   00 00 00 00 00 00 00 00 00 00 00 00 00 00 00 00
00e0   00 00 00 00 00 00 00 00 00 00 00 00 00 00 00 00
00f0   00 00 00 00 00 00 00 00 00 00 00 00 00 00 00 00
0100   00 00 00 00 00 00 00 00 00 00 00 00 00 00 00 00
0110   00 00 00 00 00 00 63 82 53 63 35 01 07 3d 07 01
0120   8c 85 90 26 21 c5 36 04 0a 40 3f fe ff 00 00 00
0130   00 00 00 00 00 00 00 00 00 00 00 00 00 00 00 00
0140   00 00 00 00 00 00 00 00 00 00 00 00 00 00 00 00
0150   00 00 00 00 00 00

0000   ff ff ff ff ff ff 8c 85 90 26 21 c5 08 00 45 00
0010   01 48 48 ec 00 00 ff 11 71 b9 00 00 00 00 ff ff
0020   ff ff 00 44 00 43 01 34 af ce 01 01 06 00 08 2b
0030   ce cd 00 00 00 00 0a 40 07 fd 00 00 00 00 00 00
0040   00 00 00 00 00 00 8c 85 90 26 21 c5 00 00 00 00
0050   00 00 00 00 00 00 00 00 00 00 00 00 00 00 00 00
0060   00 00 00 00 00 00 00 00 00 00 00 00 00 00 00 00
0070   00 00 00 00 00 00 00 00 00 00 00 00 00 00 00 00
0080   00 00 00 00 00 00 00 00 00 00 00 00 00 00 00 00
0090   00 00 00 00 00 00 00 00 00 00 00 00 00 00 00 00
00a0   00 00 00 00 00 00 00 00 00 00 00 00 00 00 00 00
00b0   00 00 00 00 00 00 00 00 00 00 00 00 00 00 00 00
00c0   00 00 00 00 00 00 00 00 00 00 00 00 00 00 00 00
00d0   00 00 00 00 00 00 00 00 00 00 00 00 00 00 00 00
00e0   00 00 00 00 00 00 00 00 00 00 00 00 00 00 00 00
00f0   00 00 00 00 00 00 00 00 00 00 00 00 00 00 00 00
0100   00 00 00 00 00 00 00 00 00 00 00 00 00 00 00 00
0110   00 00 00 00 00 00 63 82 53 63 35 01 08 37 0a 01
0120   79 03 06 0f 77 fc 5f 2c 2e 39 02 05 dc 3d 07 01
0130   8c 85 90 26 21 c5 0c 0c 77 61 6e 67 7a 68 65 64
0140   65 4d 42 50 ff 00 00 00 00 00 00 00 00 00 00 00
0150   00 00 00 00 00 00

0000   00 09 0f 09 00 02 8c 85 90 26 21 c5 08 00 45 00
0010   00 3b f1 a5 00 00 ff 11 30 d8 0a 40 07 d6 86 9d
0020   00 81 c9 1e 00 35 00 27 f1 11 d9 0f 01 00 00 01
0030   00 00 00 00 00 00 03 77 77 77 05 61 70 70 6c 65
0040   03 63 6f 6d 00 00 01 00 01

0000   8c 85 90 26 21 c5 00 09 0f 09 00 02 08 00 45 00
0010   01 c9 0c 28 00 00 3e 11 d5 c8 86 9d 00 81 0a 40
0020   07 d6 00 35 c9 1e 01 b5 ad b7 d9 0f 81 80 00 01
0030   00 04 00 08 00 05 03 77 77 77 05 61 70 70 6c 65
0040   03 63 6f 6d 00 00 01 00 01 c0 0c 00 05 00 01 00
0050   00 05 7a 00 1b 03 77 77 77 05 61 70 70 6c 65 03
0060   63 6f 6d 07 65 64 67 65 6b 65 79 03 6e 65 74 00
0070   c0 2b 00 05 00 01 00 00 52 d2 00 2f 03 77 77 77
0080   05 61 70 70 6c 65 03 63 6f 6d 07 65 64 67 65 6b
0090   65 79 03 6e 65 74 0b 67 6c 6f 62 61 6c 72 65 64
00a0   69 72 06 61 6b 61 64 6e 73 c0 41 c0 52 00 05 00
00b0   01 00 00 0c 82 00 18 05 65 36 38 35 38 04 64 73
00c0   63 78 0a 61 6b 61 6d 61 69 65 64 67 65 c0 41 c0
00d0   8d 00 01 00 01 00 00 00 01 00 04 02 12 62 4c c0
00e0   93 00 02 00 01 00 00 0e 10 00 09 06 6e 35 64 73
00f0   63 78 c0 98 c0 93 00 02 00 01 00 00 0e 10 00 09
0100   06 6e 32 64 73 63 78 c0 98 c0 93 00 02 00 01 00
0110   00 0e 10 00 09 06 6e 30 64 73 63 78 c0 98 c0 93
0120   00 02 00 01 00 00 0e 10 00 09 06 6e 34 64 73 63
0130   78 c0 98 c0 93 00 02 00 01 00 00 0e 10 00 09 06
0140   6e 33 64 73 63 78 c0 98 c0 93 00 02 00 01 00 00
0150   0e 10 00 09 06 6e 36 64 73 63 78 c0 98 c0 93 00
0160   02 00 01 00 00 0e 10 00 09 06 6e 37 64 73 63 78
0170   c0 98 c0 93 00 02 00 01 00 00 0e 10 00 09 06 6e
0180   31 64 73 63 78 c0 98 c0 eb 00 01 00 01 00 00 0e
0190   6d 00 04 58 dd 51 c0 c1 54 00 01 00 01 00 00 0e
01a0   6d 00 04 17 01 fe 5e c0 d6 00 01 00 01 00 00 0e
01b0   6d 00 04 02 15 23 9d c1 15 00 01 00 01 00 00 0e
01c0   6d 00 04 02 15 23 9e c1 00 00 01 00 01 00 00 0e
01d0   6d 00 04 5f 64 fc 8d

